h = 0.1
y1 = 1	1.20000000000000	1.44000000000000	1.72800000000000	2.07360000000000	2.48832000000000	
        2.98598400000000	3.58318080000000	4.29981696000000	5.15978035200000	6.19173642240000
        
y2 = 1	1.22000000000000	1.48840000000000	1.81584800000000	2.21533456000000	2.70270816320000	
        3.29730395910400	4.02271083010688	4.90770721273039	5.98740279953108	7.30463141542792
        
y3 = 1	1.22140275816017	1.49182469764127	1.82211880039051	2.22554092849247	2.71828182845905	
        3.32011692273655	4.05519996684467	4.95303242439512	6.04964746441295	7.38905609893065


h = 0.05
y1 = 1	1.10000000000000	1.21000000000000	1.33100000000000	1.46410000000000	
        1.61051000000000	1.77156100000000	1.94871710000000	2.14358881000000	
        2.35794769100000	2.59374246010000	2.85311670611000	3.13842837672100	
        3.45227121439310	3.79749833583241	4.17724816941565	4.59497298635722	
        5.05447028499294	5.55991731349223	6.11590904484146	6.72749994932560

y2 = 1	1.10500000000000	1.22102500000000	1.34923262500000	1.49090205062500	
        1.64744676594063	1.82042867636439	2.01157368738265	2.22278892455783	
        2.45618176163640	2.71408084660822	2.99905933550209	3.31396056572981	
        3.66192642513144	4.04642869977024	4.47130371324611	4.94079060313695	
        5.45957361646633	6.03282884619530	6.66627587504581	7.36623484192562
        
        
y3 = 1	1.10517091807565	1.22140275816017	1.34985880757600	1.49182469764127	
        1.64872127070013	1.82211880039051	2.01375270747048	2.22554092849247	
        2.45960311115695	2.71828182845905	3.00416602394643  3.32011692273655	
        3.66929666761924	4.05519996684467	4.48168907033806	4.95303242439512	
        5.47394739172720	6.04964746441295	6.68589444227927	7.38905609893065  
        
        y1:Euler法求数值解在网格节点处的值
        y2:改进Euler法求数值解在网格节点处的值
        y3:精确解在网格节点处的值
